Test 1 0 0.0537889734781893 0.0002995797226870819 
Test 1 1 0.05396239733371797 0.9962710094804585 
Test 1 2 702.8997709462136 0.003429410796854371 
Background 1 0 0.03906505042335963 0.9896682156972781 
Background 1 1 0.9999999999998385 0.003331439895247867 
Background 1 2 2417.248700873844 0.007000344407473991 
Test 3 0 0 0.916599134120801 
Test 3 1 1 0.0819126356317515 
Test 3 2 581.5550934157784 0.001488230247447541 
Background 3 0 0 0.006362949621386312 
Background 3 1 0.07102362112441524 0.9894931759226494 
Background 3 2 45.71041913987143 0.004143874455964284 
Test 4 0 0.05541315527198917 0.8897560846160958 
Test 4 1 1 0.1073802867843319 
Test 4 2 28.69243063833305 0.002863628599572269 
Background 4 0 0.01298225992697375 0.8755275998778941 
Background 4 1 0.9861572198354652 0.1237048263203271 
Background 4 2 121.284156516416 0.0007675738017787838 
Test 5 0 0 0.9135972103282475 
Test 5 1 1 0.08420166759918399 
Test 5 2 217.7148049943876 0.00220112207256854 
Background 5 0 0.0198870661590172 0.9114027584057425 
Background 5 1 0.9999999999999988 0.08680587850684529 
Background 5 2 9999.999999953921 0.00179136308741224 
