Test 1 0 0.05201598014176291 0.9772476018909272 
Test 1 1 0.06084150383822871 0.0185185342611964 
Test 1 2 9999999171.59636 0.004233863847876413 
Background 1 0 0.02137767710767632 0.9648019623725936 
Background 1 1 0.7766728648509346 0.02684674362590841 
Background 1 2 840.0341312951682 0.008351294001497953 
Test 3 0 0.05377748435921965 0.9872715222668152 
Test 3 1 1 0.007387177621837274 
Test 3 2 391.4503955357767 0.005341300111347477 
Background 3 0 0.0124185330728621 0.9116238424792139 
Background 3 1 0.9999999999999898 0.08469652819778077 
Background 3 2 207.7373587747619 0.003679629323005318 
Test 4 0 0.0560236894589962 0.9122146644462082 
Test 4 1 1 0.08455575960455508 
Test 4 2 117.1226067419243 0.003229575949236675 
Background 4 0 0.02012732052444743 0.8981330015241202 
Background 4 1 0.9999999999999989 0.1003090084001258 
Background 4 2 300.7318516022864 0.001557990075753947 
Test 5 0 0.06639024648621249 0.9915440094362964 
Test 5 1 1 0.004372528568853105 
Test 5 2 197.557748101586 0.004083461994850503 
Background 5 0 0.01294038157135999 0.8958345140883238 
Background 5 1 0.9999999999999905 0.1007479834099647 
Background 5 2 459.8048123454255 0.003417502501711516 
Test 8 0 0 0.4054926021849546 
Test 8 1 0.1116680735646883 0.5893375281595589 
Test 8 2 3880.348469307054 0.005169869655486567 
Background 8 0 0 0.2351126954217166 
Background 8 1 0.09881041498496909 0.7630675192190556 
Background 8 2 2579.322240935179 0.001819785359227783 
